 0.240 -0.136 1
 0.770  0.191 1
-0.631  0.017 1
-0.217  0.160 1
 0.817 -0.167 1
-0.883 -0.255 1
 0.119 -0.388 1
 0.680 -0.076 1
 0.619 -0.235 1
 0.204  0.313 1
 0.155 -0.349 1
 0.583  0.074 1
-0.112 -0.394 1
-0.055 -0.670 1
-0.019 -0.580 1
 0.094  0.410 1
 0.808 -0.210 1
 0.678 -0.171 1
-0.776 -0.098 1
 0.339  0.814 1
-0.232  0.719 1
-0.696  0.217 1
 0.208 -0.211 1
-0.190  0.789 1
 0.132  0.239 1
 0.131 -0.409 1
-0.757  0.027 1
 0.187 -0.158 1
-0.229 -0.054 1
 0.281 -0.589 1
-0.598 -0.059 1
 0.299  0.189 1
 0.559 -0.076 1
 0.071 -0.799 1
-0.687 -0.220 1
-0.265  0.139 1
-0.765 -0.131 1
 0.199 -0.424 1
 0.772 -0.297 1
-0.258  0.272 1
-0.165 -0.026 1
 0.210  0.937 1
-0.185 -0.882 1
 0.000 -0.539 1
 0.200  0.752 1
-0.094 -0.634 1
-0.825  0.258 1
-0.304  0.072 1
 0.222  0.799 1
 0.487  0.090 1
-0.103 -0.839 1
 0.523  0.053 1
 0.057  0.704 1
 0.228 -0.218 1
 0.239  0.200 1
 0.082  0.527 1
 0.146  0.404 1
-0.854  0.111 1
 0.033  0.333 1
-0.225 -0.749 1
-0.234  0.825 1
 0.755 -0.200 1
-0.196  0.285 1
 0.160  0.835 1
-0.355  0.066 1
 0.280  0.395 1
-0.669  0.103 1
-0.540 -0.061 1
 0.061  0.269 1
-0.801  0.247 1
-0.633  0.177 1
 0.120 -0.754 1
 0.380  0.124 1
 0.061  0.532 1
 0.321  0.105 1
-0.551  0.353 1
-0.262  0.048 1
-0.518  0.175 1
 0.254  0.620 1
-0.170  0.253 1
-0.805 -0.227 1
-0.201 -0.565 1
 0.944 -0.249 1
 0.154 -0.582 1
 0.243  0.711 1
-0.005 -0.257 1
-0.607  0.001 1
 0.097 -0.210 1
 0.385 -0.279 1
 0.227  0.829 1
-0.384 -0.022 1
 0.018  0.537 1
 0.041 -0.792 1
 0.105  0.663 1
 0.126  0.812 1
 0.339  0.808 1
-0.175  0.185 1
-0.081  0.367 1
 0.297 -0.128 1
 0.004 -0.219 1
-0.774  0.324 2
 0.619  0.475 2
-0.881  0.354 2
 0.555  0.754 2
-0.752  0.716 2
 0.602 -0.416 2
-0.769 -0.522 2
 0.461  0.540 2
-0.525 -0.587 2
-0.722  0.489 2
 0.335 -0.340 2
 0.342 -0.684 2
 0.906 -0.592 2
-0.415 -0.589 2
 0.433  0.553 2
-0.790  0.518 2
 0.278 -0.698 2
 0.774 -0.256 2
-0.882 -0.840 2
 0.619 -0.876 2
 0.577 -0.868 2
 0.713  0.839 2
-0.370 -0.784 2
-0.365  0.305 2
-0.523 -0.290 2
 0.849  0.416 2
 0.571 -0.360 2
-0.501 -0.834 2
 0.893 -0.778 2
 0.835  0.866 2
-0.325  0.640 2
-0.439 -0.705 2
 0.234 -0.474 2
-0.772  0.415 2
-0.863 -0.876 2
-0.656 -0.563 2
 0.682 -0.370 2
-0.495  0.617 2
 0.508  0.415 2
-0.704  0.467 2
 0.449  0.390 2
-0.461  0.503 2
-0.636  0.616 2
-0.615  0.630 2
-0.493  0.855 2
-0.497  0.642 2
-0.470 -0.856 2
-0.405  0.369 2
 0.259 -0.339 2
-0.347 -0.448 2
-0.416 -0.329 2
 0.393  0.389 2
-0.406 -0.611 2
 0.677  0.671 2
-0.663  0.570 2
-0.699 -0.543 2
 0.940 -0.917 2
 0.450 -0.601 2
-0.400 -0.675 2
-0.450  0.656 2
-0.921 -0.755 2
-0.641  0.871 2
 0.508  0.413 2
 0.863 -0.523 2
-0.716  0.399 2
-0.629 -0.530 2
 0.578 -0.805 2
-0.315 -0.735 2
-0.824 -0.786 2
 0.769  0.543 2
 0.805 -0.353 2
 0.860 -0.489 2
-0.680  0.368 2
-0.629 -0.377 2
-0.582  0.499 2
-0.471 -0.446 2
-0.687 -0.284 2
 0.698 -0.688 2
 0.850  0.843 2
-0.633 -0.656 2
 0.411 -0.542 2
-0.592 -0.463 2
-0.640  0.474 2
-0.674  0.384 2
 0.751 -0.760 2
-0.232 -0.490 2
-0.245  0.532 2
 0.618 -0.806 2
-0.845  0.527 2
 0.782  0.673 2
-0.877  0.633 2
 0.872 -0.742 2
-0.824  0.596 2
-0.759  0.825 2
-0.650 -0.660 2
-0.742  0.670 2
-0.339 -0.638 2
 0.460  0.914 2
 0.922 -0.545 2
 0.619 -0.369 2
